18125100,10202000,1
18125101,05032000,1
18125102,01012000,1
18125103,09112000,1
18125104,06222000,1
18125105,01262000,1
18125106,06162000,1
18125107,12082000,1
18125108,05182000,1
18125109,04082000,1
18125010,01022000,,1
18125011,10212000,,1
18125012,02152000,,1
18120513,08252000,,1
18125014,10162000,,1
15125015,09052000,,1
18125016,07202000,,1
18125017,09182000,,1
18125018,02042000,,1
18125019,07112000,,1
18125020,01052000,1
18125021,12012000,1
181250202,09011999,1
18125023,08312000,1
18125024,07252000,1
18125025,02282000,1
18125026,05172000,1
18125027,06102000,1
18125028,03092000,1
18125029,04072000,1
18125030,01012000,1
18125031,04122000,1
18125032,04252000,1
18125033,02172000,1
18125034,07312000,1
18125035,06122000,1
18125036,01092000,1
18125037,07192000,1
18125038,04092000,1
18125039,10122000,1
18125100,10202000,1
18125101,05032000,1
18125102,01012000,1
18125103,09112000,1
18125104,06222000,1
18125105,01262000,1
18125106,06162000,1
18125107,12082000,1
18125108,05182000,1
18125109,04082000,1
18125010,01022000,,1
18125011,10212000,,1
18125012,02152000,,1
18120513,08252000,,1
18125014,10162000,,1
15125015,09052000,,1
18125016,07202000,,1
18125017,09182000,,1
18125018,02042000,,1
18125019,07112000,,1
18125020,01052000,1
18125021,12012000,1
181250202,09011999,1
18125023,08312000,1
18125024,07252000,1
18125025,02282000,1
18125026,05172000,1
18125027,06102000,1
18125028,03092000,1
18125029,04072000,1
18125030,01012000,1
18125031,04122000,1
18125032,04252000,1
18125033,02172000,1
18125034,07312000,1
18125035,06122000,1
18125036,01092000,1
18125037,07192000,1
18125038,04092000,1
18125039,10122000,1
18125100,10202000,1
18125101,05032000,1
18125102,01012000,1
18125103,09112000,1
18125104,06222000,1
18125105,01262000,1
18125106,06162000,1
18125107,12082000,1
18125108,05182000,1
18125109,04082000,1
18125010,01022000,,1
18125011,10212000,,1
18125012,02152000,,1
18120513,08252000,,1
18125014,10162000,,1
15125015,09052000,,1
18125016,07202000,,1
18125017,09182000,,1
18125018,02042000,,1
18125019,07112000,,1
18125020,01052000,1
18125021,12012000,1
181250202,09011999,1
18125023,08312000,1
18125024,07252000,1
18125025,02282000,1
18125026,05172000,1
18125027,06102000,1
18125028,03092000,1
18125029,04072000,1
18125030,01012000,1
18125031,04122000,1
18125032,04252000,1
18125033,02172000,1
18125034,07312000,1
18125035,06122000,1
18125036,01092000,1
18125037,07192000,1
18125038,04092000,1
18125039,10122000,1
1
2